GangZoneCreate(2829.897705,-332.016601,3077.102050,-276.622802); // yollar gangzone 1
GangZoneCreate(2898.806152,-816.166442,3171.217529,-801.386840);
GangZoneCreate(2900.080078,-773.550659,3092.440429,-758.132934);
GangZoneCreate(2855.450439,-1770.869873,3204.175781,-1762.666870);
GangZoneCreate(2844.280761,-1863.797119,3152.268798,-1860.431640);
GangZoneCreate(817.328735,-2714.558593,846.136230,-1788.533447);
GangZoneCreate(-291.100677,-2977.034179,-279.929870,-2855.414794);
GangZoneCreate(-1790.116943,-2998.528320,-1643.204833,-2744.037109);
GangZoneCreate(-1684.647094,-2803.545654,-1619.028320,-2764.948974);
GangZoneCreate(-3046.678710,-91.287330,-2813.100830,-64.365325);
GangZoneCreate(-1842.418090,2061.970214,-1823.221435,2120.662109);
GangZoneCreate(2871.944824,2636.601318,2871.968750,2636.602050);
GangZoneCreate(2861.693115,2632.702392,3768.722900,2786.331787);
GangZoneCreate(2077.071777,2832.456054,2136.203613,3446.272949);
GangZoneCreate(227.661010,2751.091064,246.591156,3077.588378); 
GangZoneCreate(-114.899314,2636.141357,-67.436080,3019.230468); // yollar gangzone 16 